

1123324324242424324243242424243243243245435456456456456456
1123324324242424324243242424243243243245435456456456456456
1123324324242424324243242424243243243245435456456456456456
1123324324242424324243242424243243243245435456456456456456


1123324324242424324243242424243243243245435456456456456456
1123324324242424324243242424243243243245435456456456456456
1123324324242424324243242424243243243245435456456456456456
1123324324242424324243242424243243243245435456456456456456


1123324324242424324243242424243243243245435456456456456456
1123324324242424324243242424243243243245435456456456456456
1123324324242424324243242424243243243245435456456456456456
1123324324242424324243242424243243243245435456456456456456


1123324324242424324243242424243243243245435456456456456456
1123324324242424324243242424243243243245435456456456456456
1123324324242424324243242424243243243245435456456456456456
1123324324242424324243242424243243243245435456456456456456

